Data/xyz/r_out_ascii - Copy.dat
north: 60000
south: 50000
east: 500000
west: 490000
rows: 100
cols: 100
[rows 42 to 83 of 100, columns 0 to 93 of 100]
489 483 477 473 474 482 486 489 493 495 486 479 475 475 478 475 474 473 469 469 481 480 485 487 484 481 486 517 525 526 557 583 602 611 631 636 631 640 646 637 631 629 634 641 645 654 685 695 672 646 646 644 639 640 632 637 640 665 674 676 670 660 650 651 670 695 730 764 794 806 799 768 729 694 667 652 654 660 677 665 653 628 611 600 592 613 612 596 582 576 581 582 600 613
488 489 487 479 488 484 489 491 493 492 488 484 484 481 477 476 476 473 474 476 476 479 481 486 487 484 476 500 511 526 554 582 601 616 631 636 632 647 657 658 654 645 646 645 652 661 685 694 681 655 646 648 644 635 632 642 662 679 692 693 690 678 665 650 658 683 715 754 782 789 787 760 727 693 668 646 645 653 666 659 650 629 612 600 595 593 595 590 590 584 579 583 593 605
483 485 484 478 483 482 488 487 489 488 486 482 482 480 477 475 474 476 481 478 477 483 482 486 485 485 476 485 498 520 545 575 594 607 624 631 630 655 666 664 668 666 655 653 662 667 680 684 681 666 642 650 653 631 636 648 675 690 700 706 717 711 691 659 648 669 699 732 759 768 767 750 720 694 661 642 641 642 646 642 634 621 609 600 607 599 590 585 585 581 583 587 593 610
478 478 479 476 478 480 485 484 485 485 483 481 480 479 477 475 477 479 480 480 478 480 483 486 486 486 484 476 492 511 543 566 579 600 614 625 635 660 674 685 688 679 657 657 669 674 678 675 679 669 645 650 651 636 640 660 673 696 708 720 730 731 715 682 657 655 676 704 732 746 748 736 714 694 659 644 631 625 629 623 623 622 605 601 617 614 596 590 590 590 588 599 601 607
473 473 473 473 476 480 479 479 480 481 481 478 478 478 476 476 477 481 485 480 473 474 485 484 485 486 484 479 486 504 527 551 554 589 596 629 639 657 673 685 687 682 666 655 667 677 682 683 677 669 651 643 643 634 640 662 679 702 716 726 739 746 741 709 668 659 649 670 708 728 731 725 709 690 659 640 624 616 615 625 640 650 635 621 637 633 622 600 589 598 606 611 600 610
470 469 469 472 473 475 475 476 476 478 479 477 475 476 476 475 476 478 479 476 472 479 488 480 482 490 494 482 485 491 516 536 554 580 601 624 634 642 657 675 680 672 661 657 676 677 695 695 689 678 658 641 643 637 633 657 683 706 718 730 746 752 755 733 691 670 643 653 683 704 712 711 713 692 660 639 622 620 630 639 641 652 653 649 654 647 639 622 596 602 606 605 617 614
468 467 467 469 471 472 472 473 475 480 479 476 474 475 475 473 475 475 474 475 474 481 485 483 484 488 496 495 487 483 497 516 534 566 591 607 622 633 649 660 665 665 655 661 672 693 701 707 706 690 666 643 642 641 627 655 678 707 723 736 749 771 778 755 722 689 650 642 666 685 693 705 708 688 666 639 627 646 657 657 657 660 664 660 661 659 655 645 624 610 610 611 626 626
467 466 465 466 469 470 470 471 474 476 476 474 471 472 472 470 473 472 471 470 476 485 490 490 485 486 496 502 497 487 489 497 518 543 568 590 604 628 639 648 651 658 653 660 675 693 713 715 708 701 668 647 638 640 635 653 673 699 723 737 754 771 774 775 752 714 680 654 655 651 669 688 691 682 656 650 638 662 668 662 657 674 675 684 683 679 668 657 646 632 627 619 630 630
465 465 465 465 467 470 470 474 475 477 475 473 471 468 471 471 472 470 472 472 480 482 493 499 490 489 491 500 498 501 501 508 499 519 545 572 587 610 627 640 644 647 635 658 679 690 701 709 708 702 679 651 635 634 633 645 671 693 715 732 744 758 772 786 770 737 702 675 665 660 664 670 675 663 656 653 656 666 673 663 673 681 672 686 705 696 682 674 662 642 642 637 639 644
466 465 465 465 467 468 470 474 475 475 473 472 471 470 471 470 471 468 474 473 475 485 486 491 499 500 492 503 513 513 504 508 493 501 526 552 564 592 613 623 622 637 637 646 663 675 681 689 690 691 683 661 636 624 627 635 663 685 708 728 733 750 760 771 780 757 730 708 685 670 663 669 665 670 676 680 678 669 678 682 693 699 685 678 715 713 699 689 674 661 647 641 641 641
467 465 465 465 466 468 471 472 474 473 471 471 471 472 472 470 472 469 465 469 477 485 485 488 500 501 495 501 506 507 501 505 504 502 511 525 544 571 597 610 619 623 624 629 646 649 658 667 671 676 671 662 635 616 613 626 654 674 699 726 747 758 762 769 779 776 757 733 706 675 672 675 679 682 681 685 682 684 696 694 687 698 714 723 713 714 727 713 696 673 653 636 645 645
467 466 466 465 467 468 470 470 472 471 470 470 470 470 473 469 478 479 470 476 485 489 491 494 503 502 503 505 510 502 494 495 503 501 493 506 524 551 578 598 606 605 621 624 632 631 639 652 666 667 659 651 632 608 613 628 645 662 683 713 738 761 766 778 785 790 772 754 728 700 689 690 703 704 703 691 687 692 700 697 698 697 703 732 735 748 751 739 718 687 671 649 645 648
464 463 464 465 468 467 470 472 470 471 470 465 471 468 473 470 484 485 476 484 495 503 511 511 516 515 507 503 515 516 501 485 489 493 495 492 512 531 562 582 588 597 608 609 622 623 625 640 653 652 642 637 629 615 610 629 638 651 669 694 722 755 781 786 799 809 798 771 752 720 712 708 710 717 721 709 702 695 695 700 703 703 710 731 760 777 775 757 728 707 682 670 649 645
463 463 463 464 464 467 469 470 469 470 466 469 471 465 472 470 483 486 489 499 511 516 520 519 516 514 502 498 507 514 515 482 486 489 489 491 506 522 544 561 576 589 595 602 604 614 616 621 629 632 632 626 626 621 610 616 631 640 656 678 707 738 773 808 815 825 821 794 766 742 735 719 721 722 730 729 711 707 692 699 703 710 706 733 758 783 788 779 748 724 700 679 662 654
461 462 463 464 464 463 466 468 468 466 465 466 470 465 469 473 486 491 498 506 515 515 514 512 511 509 500 491 497 509 522 501 497 509 499 491 490 506 523 549 572 590 599 598 587 606 609 620 620 623 619 615 616 607 603 603 620 631 647 668 693 723 761 805 844 850 837 807 782 762 747 737 729 731 734 735 729 721 711 709 712 716 713 719 752 783 800 802 784 754 729 701 683 664
462 460 464 464 465 469 465 463 465 465 465 465 465 470 470 476 485 489 495 504 511 509 505 504 505 505 501 491 495 505 520 517 516 527 523 501 495 493 510 530 553 575 582 583 583 592 597 610 620 604 604 600 601 597 598 599 609 626 640 655 678 708 743 788 835 867 851 824 803 779 763 751 739 743 743 739 737 728 722 726 727 725 723 730 764 783 799 820 809 777 747 719 690 688
463 461 462 462 463 464 463 463 465 465 463 466 466 470 478 480 480 487 494 497 504 501 502 496 495 496 487 484 486 499 512 514 515 516 519 511 498 498 502 514 531 548 563 568 572 577 589 602 610 607 592 583 580 582 586 591 599 623 635 645 670 687 728 770 818 866 880 847 821 803 784 770 744 748 749 747 750 744 740 746 743 741 746 761 770 786 803 817 820 795 770 744 713 710
464 462 461 463 465 463 464 465 465 465 465 471 466 464 478 489 494 491 504 497 494 491 490 499 497 495 489 482 490 492 501 502 502 506 509 520 497 490 491 497 512 530 545 555 556 561 573 584 597 603 598 592 585 575 571 580 596 617 636 642 663 678 717 755 798 842 881 866 842 818 797 784 762 755 756 758 759 761 765 760 748 741 753 770 776 788 805 829 829 812 793 767 749 727
465 464 461 463 464 464 464 463 464 461 467 465 464 460 469 483 491 493 495 497 494 487 497 505 514 506 497 491 487 494 492 493 494 499 507 512 509 490 485 508 510 507 523 534 532 538 551 564 583 599 608 621 599 577 567 562 585 604 623 641 648 676 703 737 775 814 852 869 853 824 803 784 773 768 774 761 767 776 772 765 760 764 772 770 777 791 801 826 830 828 804 780 766 748
463 468 463 460 459 461 460 460 463 470 482 474 465 458 461 476 482 487 486 487 489 487 495 505 516 506 510 492 491 490 490 485 486 486 489 495 505 492 491 508 513 515 504 512 513 525 533 544 571 590 611 633 635 615 595 565 567 591 610 622 639 666 688 716 748 784 819 838 834 813 801 787 775 795 791 769 765 770 768 766 760 783 789 782 789 790 794 818 822 821 818 791 768 755
464 464 464 463 460 460 461 460 461 482 486 479 463 461 460 461 465 471 477 481 480 486 495 501 507 502 502 494 490 488 497 488 481 481 481 487 493 492 493 498 504 515 511 515 504 510 526 539 559 577 596 618 629 625 606 590 562 568 596 609 628 651 673 697 724 756 790 817 815 796 787 784 776 789 794 779 765 767 766 762 771 785 788 790 790 791 796 802 810 816 814 795 773 760
463 463 462 462 460 467 462 461 472 481 482 471 460 461 459 460 460 459 467 469 471 484 488 490 489 495 493 491 476 488 503 492 475 474 475 480 483 484 487 481 495 509 513 512 516 524 509 524 545 558 575 593 605 606 601 599 576 576 588 599 613 637 659 678 704 734 769 798 810 806 794 781 778 778 790 789 764 762 765 766 771 781 797 801 796 805 798 799 800 804 803 795 778 763
460 460 462 462 460 463 463 466 470 478 472 462 460 460 461 459 460 460 459 461 464 471 479 485 470 477 477 483 478 475 481 485 482 480 475 482 481 485 485 481 488 494 500 509 528 539 530 516 528 544 556 571 583 588 591 582 567 575 580 589 600 621 642 659 684 711 744 770 784 787 785 785 778 775 782 784 772 763 768 771 772 784 802 805 800 819 810 805 808 806 801 786 773 765
461 460 460 462 460 463 463 468 470 469 465 461 460 461 463 461 463 461 461 459 460 461 470 471 467 471 468 471 480 486 472 484 481 481 480 481 484 483 483 480 483 485 493 512 523 527 530 522 517 529 538 553 567 575 580 576 565 568 571 580 594 610 627 643 658 686 714 741 754 761 763 769 772 775 776 779 775 770 780 782 783 784 796 802 804 808 806 821 823 803 801 775 765 751
465 460 461 461 460 463 462 466 464 465 461 462 464 464 466 462 464 470 462 459 459 460 466 465 466 469 467 470 475 479 468 481 480 480 479 475 477 480 486 475 480 482 495 509 519 522 523 514 512 519 521 535 544 560 573 576 571 561 561 572 582 599 613 628 644 665 694 713 731 737 748 752 759 773 789 782 782 787 789 793 792 797 800 806 804 800 792 806 811 799 790 777 762 750
469 462 460 460 461 462 462 462 462 463 463 460 465 464 464 464 463 464 460 460 459 460 463 465 465 465 466 469 474 466 465 468 474 471 476 474 475 475 478 469 475 478 490 496 513 525 525 512 512 503 508 519 532 550 558 560 559 555 560 569 577 589 601 613 627 646 670 684 699 719 734 745 750 769 787 800 803 796 802 812 806 806 821 819 807 792 791 797 793 792 786 783 766 741
481 468 459 459 460 461 461 462 462 462 460 460 464 464 464 464 462 460 461 460 459 460 461 465 465 465 466 465 465 466 465 471 485 483 485 483 471 477 475 470 471 480 487 491 509 519 516 511 505 494 495 511 520 535 541 547 541 544 559 564 576 581 591 599 612 630 649 666 690 715 725 735 744 761 781 799 804 802 803 813 814 810 832 834 820 803 812 814 810 808 807 796 783 771
495 478 464 460 463 465 461 460 462 461 460 460 463 467 469 463 462 463 462 459 459 460 460 462 464 465 465 465 465 468 465 478 489 492 487 478 481 473 476 470 481 483 490 491 508 524 518 506 493 487 490 511 528 527 525 529 531 539 551 551 570 575 580 587 598 617 631 656 683 705 719 729 743 758 778 794 794 806 813 816 814 809 818 824 822 809 820 842 848 851 832 814 798 785
512 489 467 461 464 469 462 461 459 462 462 461 464 471 470 465 461 462 462 460 460 461 460 460 462 464 465 468 465 465 467 482 494 490 497 479 474 471 473 480 481 491 501 505 508 514 511 505 489 502 507 509 515 519 515 512 522 531 540 545 555 562 567 576 589 604 623 641 669 696 715 728 741 757 773 789 801 815 835 841 834 820 816 814 811 806 819 848 871 880 859 836 821 805
533 506 478 463 464 470 462 462 462 461 460 462 462 464 460 461 461 463 462 460 460 457 462 460 462 463 467 470 467 467 480 479 490 488 492 484 472 467 472 480 481 491 493 495 498 499 496 499 495 515 527 508 502 508 531 533 519 514 520 533 543 549 558 568 586 602 619 652 684 701 718 728 745 760 774 788 797 810 826 845 851 836 822 812 810 804 814 842 867 892 891 874 865 838
558 533 500 478 471 470 464 464 463 462 460 460 461 460 461 460 460 463 463 460 460 460 464 463 462 463 465 465 469 466 485 484 485 491 484 476 467 469 470 474 477 479 477 483 497 507 497 494 494 514 524 519 523 541 547 561 552 530 510 522 532 543 552 565 584 598 621 652 686 710 733 742 760 779 800 807 800 803 813 828 840 852 837 814 808 806 810 835 854 876 886 905 925 875
591 563 531 500 482 477 473 468 463 464 462 465 460 461 463 463 461 462 463 461 460 460 461 459 461 461 463 464 464 464 477 483 480 485 489 476 471 474 466 467 475 480 466 482 496 505 498 501 513 507 520 538 553 561 560 560 555 549 537 522 527 539 546 557 578 589 610 641 674 704 731 752 771 793 824 831 811 800 800 812 823 838 841 823 810 802 800 819 840 852 863 892 933 906
621 586 561 526 509 505 487 471 473 463 464 466 461 460 459 461 461 463 462 463 462 462 460 460 460 460 463 460 462 463 467 471 479 491 487 479 484 475 470 475 474 478 470 477 498 497 500 516 523 512 514 539 551 556 547 550 557 563 555 537 518 532 538 553 566 584 601 632 658 684 708 726 747 774 801 822 816 801 792 800 807 818 830 828 813 800 790 800 817 828 840 861 879 891
651 618 585 551 542 529 513 496 490 473 465 470 465 461 462 462 459 462 462 464 465 467 463 460 460 462 462 461 460 462 460 465 469 485 479 476 481 478 471 475 478 479 474 475 485 490 493 510 511 511 517 534 540 543 540 544 555 558 560 549 517 528 535 545 549 574 596 615 639 655 676 695 715 735 763 788 797 795 784 789 793 793 813 816 813 805 793 792 800 811 824 835 851 861
670 646 618 589 568 556 543 528 509 493 480 473 470 462 464 461 461 462 462 465 466 467 462 459 462 464 463 460 460 461 462 462 468 478 473 482 481 480 475 481 478 480 474 475 475 478 485 494 502 502 504 520 522 530 534 534 546 553 555 552 527 513 526 539 550 559 581 599 615 629 650 667 682 703 721 741 760 768 773 778 778 775 789 800 799 794 786 779 790 798 812 817 827 843
699 672 648 623 599 583 572 558 535 517 494 475 464 460 461 460 460 457 462 465 466 464 461 459 461 464 469 470 462 461 462 460 461 469 473 488 491 480 478 484 476 472 473 468 476 469 473 491 506 519 521 501 505 516 530 530 534 543 547 545 525 499 499 524 544 561 568 588 601 613 631 644 658 669 683 700 713 732 746 756 757 769 773 786 787 779 775 775 777 790 800 802 806 824
731 708 684 661 632 610 596 578 561 535 515 492 474 462 462 461 460 461 462 463 465 461 459 460 460 464 473 475 462 461 460 459 461 463 465 474 481 485 490 487 481 476 473 471 472 471 472 478 496 506 518 515 512 510 525 524 520 520 529 526 514 486 495 527 550 568 580 592 595 605 619 627 636 644 653 664 675 692 711 721 738 754 768 780 781 774 772 773 780 778 780 789 793 804
766 742 723 694 668 639 618 598 581 557 532 507 486 467 463 461 459 461 463 462 460 459 460 460 460 462 467 471 463 462 462 462 462 460 463 471 474 489 495 491 486 483 478 473 471 470 481 479 482 499 510 512 512 503 513 515 516 518 511 507 495 474 494 527 549 569 584 598 598 602 608 615 619 626 630 636 643 654 671 685 712 740 773 789 787 782 773 773 770 771 758 785 790 792
803 787 756 730 701 670 639 618 597 573 548 523 497 477 464 461 458 462 464 464 462 459 460 466 461 460 464 464 463 461 462 462 460 460 462 462 464 476 489 496 499 497 486 478 484 477 475 475 486 483 498 500 520 523 518 510 512 506 506 503 500 481 502 529 556 568 579 594 596 592 600 613 616 610 609 617 622 628 642 657 683 721 757 798 800 784 774 776 759 763 764 770 779 782
856 842 811 772 740 708 673 650 627 602 570 540 510 484 464 460 459 463 465 465 460 460 459 466 459 461 464 464 460 460 460 460 460 460 460 462 471 472 478 485 499 498 491 479 486 480 475 477 484 478 489 506 521 533 530 528 522 520 513 499 500 483 513 533 553 568 576 583 591 593 600 616 633 625 603 601 604 608 620 640 668 710 747 793 807 802 793 781 770 763 760 763 772 784
887 882 853 817 778 737 700 675 655 626 591 550 520 490 466 459 462 463 463 462 462 460 459 461 462 463 464 465 460 458 459 459 460 459 460 465 470 474 475 489 503 501 495 489 491 483 470 480 480 481 481 498 515 525 529 530 530 524 515 505 504 503 518 537 555 565 569 568 575 578 594 612 631 635 624 602 594 600 609 623 656 696 730 767 809 824 820 800 775 761 759 760 768 773
913 931 894 852 810 770 723 693 669 639 608 568 533 505 473 459 462 465 463 464 463 460 459 460 464 464 461 461 464 467 459 460 460 460 461 462 470 477 483 484 500 504 505 498 492 482 471 476 485 477 480 497 503 517 511 516 520 527 525 509 504 508 526 544 557 565 566 569 565 575 585 607 620 632 631 629 608 599 607 618 643 671 714 753 796 836 853 823 795 775 757 758 758 767
